25
0 55 90 58 33 20 34 51 32 47 16 96 27 31 95 85 60 76 50 78 12 32 29 40 86
62 0 13 23 30 23 88 79 30 48 49 88 80 61 67 27 74 36 19 37 14 13 90 12 95
10 19 0 27 63 20 49 41 99 17 24 84 47 78 92 42 56 32 12 18 27 85 54 48 47
65 65 58 0 69 14 35 35 66 86 24 60 73 39 70 97 50 51 46 34 85 46 35 14 46
81 44 21 89 0 79 14 31 55 26 85 48 54 20 80 97 23 63 45 89 67 22 72 91 58
62 13 93 32 35 0 98 95 34 34 42 23 86 21 51 26 94 77 53 58 37 77 11 43 63
91 82 80 63 43 66 0 82 53 19 19 10 84 94 65 37 37 59 34 14 34 31 29 65 55
86 70 34 12 63 69 29 0 32 97 62 24 75 67 13 41 85 98 60 99 68 63 98 79 66
86 75 57 98 76 49 32 14 0 12 65 68 24 71 27 53 35 66 28 85 21 92 80 94 63
30 98 51 80 57 88 72 21 97 0 91 57 62 12 77 91 79 93 67 70 59 61 61 15 50
91 30 62 99 73 35 50 64 22 15 0 67 87 42 16 43 96 79 63 52 14 86 70 58 65
47 76 16 76 30 70 20 22 16 28 57 0 52 32 18 16 89 92 31 31 64 12 98 87 37
39 24 52 60 20 83 19 58 59 55 98 37 0 28 13 91 54 51 59 85 67 49 90 83 36
30 94 62 87 19 15 76 86 31 86 83 30 38 0 38 61 41 62 55 57 48 22 69 46 74
73 86 88 51 90 30 80 74 31 44 23 82 34 44 0 93 37 97 82 90 75 31 56 46 88
57 55 77 95 51 71 60 79 84 52 29 76 65 40 37 0 65 43 32 76 51 46 52 71 41
81 32 95 37 31 60 41 68 73 11 49 49 80 29 45 57 0 42 92 18 98 31 13 34 60
40 48 36 40 10 87 13 87 46 45 13 94 58 35 50 36 57 0 71 12 67 92 37 98 82
90 40 64 56 94 31 73 13 95 29 93 33 36 33 60 49 75 25 0 38 94 60 91 24 97
30 61 25 31 65 77 13 36 19 14 57 33 35 32 58 79 97 96 59 0 89 37 76 78 65
80 70 44 26 88 67 55 93 43 87 76 37 92 94 27 39 80 34 52 91 0 47 26 53 77
94 44 86 52 98 76 98 51 98 34 14 50 91 48 18 99 55 10 75 98 38 0 30 22 43
60 56 21 17 75 78 92 36 63 38 39 44 96 38 58 48 78 50 69 52 13 64 0 70 84
14 13 11 42 46 14 36 72 72 53 93 19 98 75 74 15 70 75 40 95 85 84 84 0 69
96 46 80 58 43 80 31 34 30 53 86 64 24 54 22 44 36 49 90 15 90 42 74 79 0
